Souches	Temps (h)	DO600nm	b-Gcl	a-Glc	Uracil	Formate	Succinate	Ethanol	Pyruvate	Acetate	Isoleucine	Valine	Leucine	Alanine	Phenylalanine	Tyrosine
gppARelA AI	0,16	0,544	110,7688561	182,0151076	-0,003721581	0,064646941	0,002509675	0,199413975	0,00388504	0,241870158	0,004756734	0,002882686	0,001254491	0,004884793	-0,008604312	-0,013418634
gppARelA AI	1	1,06	108,4741561	177,2040284	-0,003132649	0,069944107	0,000410888	0,192972254	-0,000294533	0,474974584	0,004227494	0,002982276	0,004119911	0,002511588	0,00302494	-0,010254984
gppARelA AI	2	2,24	107,0277607	174,2404116	0,008450298	0,105137014	0,009215622	0,25480569	0,011316869	0,301469835	0,002079202	0,000253715	0,001006876	0,005259024	-0,00830887	-0,0075553
gppARelA AI	3,25	5	104,4000574	170,3606002	0,017438756	0,47493233	0,04500948	0,484058868	0,016215404	0,506635785	-0,004283875	0,019741162	-0,003952195	0,019817237	0,007020975	0,004488678
gppARelA IP	4	10	95,25736046	156,9375009	0,021624208	0,328452298	0,03153752	0,430282258	0,041336581	0,312551962	0,002024989	0,025167585	0,002225941	0,047390185	0,008734989	0,007035834
gppARelA IP	5	10,8	93,45917658	151,62508	0,033612279	0,63166949	0,083541617	0,493949134	0,490534815	2,852011876	0,017127285	0,237320432	0,020529576	0,433808612	0,065221638	0,035956372
gppARelA IP	6	14,4	83,63617457	137,229193	0,016682069	0,537603456	0,101001113	0,54804246	0,213451847	9,267094367	0,026889016	0,251305419	0,030270397	0,671666348	0,061705256	0,008448048
gppARelA IP	7	18,4	77,36188545	126,9981283	0,050058078	0,9110793	0,169836903	0,798345789	0,042990631	6,47767108	0,010391826	0,112891321	0,020127035	0,125104983	0,086150935	0,024868078
gppARelA IP	8	22,8	67,06191633	109,9792331	0,069532913	1,420426018	0,258676864	1,216554062	0,08287751	1,74174217	0,020490163	0,200177944	0,037642358	0,221491627	0,12117694	0,056370203
gppARelA IP	9	33,2	46,92280053	76,44450999	0,097602805	2,050689375	0,312323432	1,635148888	0,126948574	2,639244993	0,030527526	0,269268112	0,052246348	0,273368544	0,154673841	0,061844928
gppARelA IP	10	59	1,713333081	3,168211845	0,137309217	1,993093989	0,113719552	1,535456227	0,100615779	2,596603377	0,041280843	0,258712432	0,060551001	0,244958674	0,16251616	0,047714066
gppARelA IP	11	60,2	0,005706279	4,598271602	0,142617604	0,420615707	0,10564156	0,671891608	0,065400175	0,371934381	0,064138593	0,064481432	0,056701802	0,118291458	0,114174293	0,015448571
RelA AI	2	1,8	52,95039399	86,6507887	0,005412704	0,029286178	0,000892115	0,122025365	0,000631231	1,319558814	0,007674999	0,004696274	0,002391786	0,004212694	-0,011226961	-0,022940349
RelA AI	3	3,26	52,78820415	87,06285617	0,005680913	0,031777286	-0,00218471	0,053022825	-0,001188869	1,836391818	0,001071693	-0,002365759	0,000840851	-0,000369275	0,000117438	-0,005224491
RelA AI	4	5	53,21108863	87,75029454	0,017425244	0,088678525	0,00699954	0,100184223	0,009636429	1,572692406	0,001932068	0,004899608	0,000287327	0,007245985	0,008004791	-0,010251624
RelA AI	5	8,7	50,99133366	84,24783891	0,006134502	0,166451209	0,026672529	0,171806037	0,006207569	0,161584462	0,003665532	0,006566508	0,000526838	0,007350004	-0,013594623	-0,013683049
RelA IP	6	11,2	50,47363335	83,75390645	0,020662501	0,46765855	0,058723604	0,317371435	0,003629856	0,482975083	0,001574675	0,052146075	0,005024228	0,030076542	0,006823503	0,000207213
RelA IP	6,666	11,2	47,38078779	79,07938298	0,022087823	0,579151012	0,07986403	0,434686648	0,038175287	0,633640821	0,008196506	0,10169122	0,011947748	0,100262974	0,001615266	-0,006098863
RelA IP	7,666	13,2	44,67459192	74,34065763	0,022349834	0,444462331	0,043112023	0,244246069	0,799916395	2,846195848	0,035471181	0,413410375	0,032731432	0,334859491	0,045135118	0,030207959
RelA IP	8,666	14,5	42,9495414	71,80073931	0,038933609	0,627112056	0,072656658	0,306990882	0,149833395	9,949326853	0,04996507	0,70053171	0,047145561	0,742734143	0,083525385	0,04390749
RelA IP	9,6666	23,5	39,62611422	66,50743563	0,042398025	0,805292522	0,087980911	0,389093707	0,041892621	11,51968673	0,027369439	0,361468308	0,042910861	0,162686694	0,066602663	0,055316976
RelA IP	10,6666	31,3	35,18182169	59,59337538	0,048310887	0,68703011	0,074419096	0,388931126	0,016622421	1,652406585	0,013134427	0,035433151	0,031900939	0,058909344	0,068703693	0,067020217
RelA IP	11,6666	45	29,58017303	49,10804214	0,076071148	1,453435103	0,207415071	0,963599691	0,069720319	1,784060765	0,027265028	0,134163791	0,050124115	0,146360951	0,084451203	0,048639699
RpoS AI	0,16	0,772	52,5581989	86,73582814	-0,005035544	0,075240964	-0,006715123	0,05957062	-0,005295153	0,333457156	-0,007733706	-0,004861834	-0,002460724	-0,004652879	-0,019937967	-0,023269803
RpoS AI	1	1,54	51,2304235	84,37959407	-0,005887154	0,100475178	0,005567264	0,1099733	0,00777952	0,96524847	-0,005290126	0,000866202	-0,000320775	-0,001702168	-0,004361484	0,002117721
RpoS AI	2	3,12	48,74859516	80,20497348	0,029225902	0,338641193	0,042397623	0,324979643	0,013680558	0,357288303	-0,000414418	0,01721581	0,00164671	0,013848526	-0,004760016	8,49509E-05
RpoS AI	2,8333	5,02	44,8886791	74,29556746	0,018384886	0,188125933	0,015482432	0,247711296	0,410947167	0,723781836	0,001069038	0,151559892	0,00448117	0,12601722	0,008838247	0,038302613
RpoS IP	4	9,4	43,25481205	72,89261571	0,010718925	0,196826115	0,022833922	0,244020164	0,41187702	0,765890836	0,003545532	0,148156613	0,006044514	0,121780889	0,005311822	0,019817902
RpoS IP	5	10	43,23630651	72,63218321	0,035463873	0,491376166	0,051286441	0,273261001	8,243156483	2,791529676	0,038208963	0,495277458	0,032836364	0,862217169	0,069262185	0,053877848
RpoS IP	6	10	41,34915496	69,18952324	0,003251937	0,540904576	0,026274203	0,236477987	14,02480438	5,254571408	0,039251089	0,596987288	0,0404475	1,585277517	0,11073952	0,105831637
RpoS IP	7	8,2	41,34656661	68,87975292	0,022990368	0,699246262	0,030188923	0,289889821	12,68431179	9,929020732	0,034284228	0,630725809	0,036621781	1,94866805	0,117113147	0,101340411
RpoS IP	8	8,2	33,2031213	66,05445986	0,062808371	0,912032863	0,066934399	0,332789409	3,775378849	15,9367913	0,060864153	0,642772122	0,053345809	1,387338844	0	0,680032535
gppA AI	0,1666	0,988	112,0169927	182,8869057	0,007549325	0,158350871	0,006743576	0,250806942	0,002520418	0,625768728	-0,000642993	0,004613432	0,001226187	0,004217554	-0,003735409	-0,007285582
gppA AI	1	1,9	107,7266397	175,6253187	0,003238766	0,306904437	0,016572629	0,32977714	0,005430554	1,087622288	0,002264049	0,012273378	0,004913456	0,005839988	-0,007291126	-0,008344827
gppA AI	2	4,24	103,1725597	168,4475253	0,002909923	0,346935221	0,037376243	0,408144204	0,014287072	0,808727027	-0,003656139	0,018913502	-0,000529384	0,013502743	-0,002294025	0,007953595
gppA AI	2,5	5,3	103,2648901	167,455067	0,020673798	0,794159239	0,092854735	0,667670846	0,018442459	0,877846721	3,51E-07	0,069092932	0,001988406	0,040335073	0,005833748	0,006241701
gppA IP	3,5	10,18	99,42883684	162,8842769	0,015814687	0,313233232	0,037759561	0,394675672	0,116885622	0,605144942	-0,000137651	0,027902393	0,005706659	0,071526253	0,015322011	0,013757508
gppA IP	4,5	12	85,99977976	139,6986527	0,03153056	0,682200919	0,093395749	0,387854181	9,882899821	3,226365702	0,069527604	0,429108653	0,076117161	2,229036802	0,105720803	0,090227286
gppA IP	5,5	12,5	82,63843588	134,6166148	0,042860036	0,759957885	0,122141819	0,368544923	11,35032268	5,184598983	0,081017118	0,498404967	0,082807595	3,678677852	0,123033722	0,122784765
gppA IP	7,5	12	84,86938307	138,7393244	0,037727165	0,893560967	0,059453248	0,588469602	0,034991909	16,06548512	0,061271432	1,049272567	0,057320897	0,168529635	0,0594181	0,03799466
gppA IP	8,75	11,2	81,47251943	135,0660695	0,055204632	1,209186769	0,16040118	0,408973882	7,139485963	18,35647402	0,055948099	0,758473194	0,056120959	6,330874754	0,081426119	0,086923103
gppA IP	9,75	12,2	74,63161809	123,8760451	0,036640174	1,381904275	0,292781236	0,47953156	1,480672002	25,93142994	0,077935192	0,971508656	0,068189899	5,377010754	0,048569439	0,027564303
gppA IP	10,5	21,3	65,31043711	105,4242466	0,056503508	1,028544868	0,10739066	0,543157666	0,087594792	7,95976854	0,036226769	0,07368576	0,044895207	0,119896614	0,040319782	0,051814318
WT AI	0,1666	0,98	106,5265448	176,5188345	0,010441534	0,180666705	0,013072806	0,14600552	0,008337086	0,667865309	-0,003700612	0,001268259	0,000715807	0,003459036	0,001483669	0,003400942
WT AI	1	1,87	103,106183	170,395408	0,004827755	0,259185073	0,012145493	0,202001031	0,00377956	1,296504758	0,000999297	0,001949304	0,001056391	0,000920172	0,001174882	-0,001857929
WT AI	2	4,13	103,2736302	171,5816778	0,013426855	0,373828846	0,040370965	0,314063617	0,001856262	1,748984646	-0,00579763	0,011865454	0,001229117	0,006250985	-0,00272145	-0,005872798
WT AI	2,5	5,2	96,45008209	159,8501924	0,011629376	0,802543004	0,094901207	0,557396557	0,019692073	1,813789355	-0,000519737	0,066764823	0,003754847	0,037829921	-0,013924095	-0,004310557
WT IP	3,5	8,74	87,07607361	144,7684117	0,013227133	0,379601471	0,037283497	0,343115637	0,115033178	0,975266979	0,005588564	0,105066374	0,009161917	0,075196228	0,030932874	0,046330064
WT IP	4,5	11,5	84,04589112	139,2935825	0,03686118	0,742193201	0,127347623	0,340209263	4,983035381	2,029494585	0,054159453	0,314972298	0,048587698	1,002649052	0,075736985	0,066043975
WT IP	5,5	10,7	84,74500161	140,6532339	0,037817848	0,911749466	0,070911728	0,334915986	8,707301451	8,265913784	0,041243409	0,754757294	0,038432813	1,086575353	0,097047885	0,092018038
WT IP	6,5	10,1	81,85831329	137,4673015	0,020644646	1,013714739	0,050228969	0,294212223	4,061374149	14,87112576	0,031415858	0,826746193	0,038360634	1,134726919	0,099532999	0,090487772
WT IP	7,5	11,4	78,30151941	131,1085565	0,027716696	0,97807436	0,148077166	0,258024171	12,98880336	9,484388823	0,074798939	0,647068167	0,063562221	5,422749713	0,088931537	0,123632154
WT IP	8,5	15,2	72,49796026	121,1337315	0,031800254	1,117869291	0,139204268	0,662897385	0,071717733	4,997496694	0,043953411	0,364573369	0,053854397	0,160263954	0,067672311	0,070002422
WT IP	9,5	18,2	69,04648182	116,1368738	0,057301712	1,778411897	0,271372908	1,221851679	0,094234206	2,329696758	0,037945633	0,268022223	0,054411668	0,253534916	0,097191586	0,095653691
WT IP	10	28	59,88685966	101,2234405	0,075464144	2,626532164	0,429794628	1,802408616	0,145649581	3,792905176	0,037433858	0,511945093	0,066183382	0,577777818	0,127507467	0,103872411
WT IP	11,5	48,2	4,97130256	9,348339195	0,204593276	1,802968744	0,261344758	0,839491631	0,134453845	1,292285978	0,238200446	3,033088222	0,294533461	0,229757323	0,350327409	0,193618156
WT NI	0,16	0,75	105,5326524	173,9180535	0,005415737	0,096882112	-0,004670958	0,082012752	-0,009758569	0,349261407	-0,003688407	0,000889318	-0,00084814	-0,006254395	-0,000437012	-0,009912506
WT NI	1	1,5	106,3102466	175,7820074	0,006608347	0,085212238	0,007814462	0,105285101	0,009415764	0,909333064	-0,001100028	0,003274583	0,000672085	0,005627395	0,00429738	-0,006911631
WT NI	2	3,26	101,6180835	167,4193652	0,0123198	0,211472506	0,019928294	0,219115999	0,007129932	1,008367095	0,001846913	0,011545759	-0,000746539	0,007594864	0,007814794	-0,005358403
WT NI	3	4,43	96,93613052	159,4277316	0,026890427	0,430272756	0,099898149	0,454422008	0,037628784	0,37918869	-0,001489989	0,045656196	0,001793348	0,034267883	0,018852883	0,008676167
WT NI	4	10	85,85048203	141,1353019	0,044552858	0,844979987	0,171694294	0,732481945	0,062680926	0,836723813	-0,004835269	0,074876088	0,000900484	0,062361815	0,00825974	0,005476156
WT NI	5	29,4	61,89694298	103,2191368	0,061234405	1,677034788	0,484844763	1,596863978	0,101781717	1,611575888	-0,00065329	0,274892266	0,010600092	0,180534067	0,025799792	0,010398832
WT NI	6	59,2	28,60125668	53,0060341	0,282072677	4,219208971	0,054539878	1,908287758	0,703337353	0,26343014	0,04009283	0,727592657	0,066417591	0,425237285	0,23098598	0,039506279
WT NI	7	74,7	0,947855947	1,584382357	0,110888842	1,000662527	0,774778882	0,346884808	0,071159693	1,254181618	0,042408188	0,213308328	0,046810559	0,088383162	0,206103965	0,033227082
WT NI	8	82	1,258734269	1,819789648	0,175204662	0,605738632	0,090534184	0,144161611	0,044202263	0,239923893	0,083522265	0,238862475	0,080407722	0,055882802	0,231918684	0,05637384
